nr history TFT TF2T
 0 000 000 0   0
 1 000 001 1   1
 2 000 010 0   0
 3 000 011 1   1
 
 4 000 100 0   x
 5 000 101 1   1
 6 000 110 0   1
 7 000 111 1   1

 8 001 000 0   0
 9 001 001 1   1
10 001 010 0   0
11 001 011 1   1

12 001 100 0   x
13 001 101 1   x
14 001 110 0   1
15 001 111 1   1

16 010 000 0   0
17 010 001 1   1
18 010 010 0   0
19 010 011 1   1
 
20 010 100 0   x
21 010 101 1   1
22 010 110 0   x
23 010 111 1   1

24 011 000 0   0
25 011 001 1   1
26 011 010 0   0
27 011 011 1   1

28 011 100 0   1
29 011 101 1   1
30 011 110 0   1
31 011 111 1   1

32 100 000 0   0
33 100 001 1   1
34 100 010 0   0
35 100 011 1   1

36 100 100 0   x
37 100 101 1   1
38 100 110 0   1
39 100 111 1   1

40 101 000 0   0
41 101 001 1   1
42 101 010 0   0
43 101 011 1   1

44 101 100 0   1
45 101 101 1   1
46 101 110 0   1
47 101 111 1   1

48 110 000 0   0
49 110 001 1   1
50 110 010 0   0
51 110 011 1   1
 
52 110 100 0   1
53 110 101 1   1
54 110 110 0   1
55 110 111 1   1

56 111 000 0   0
56 111 001 1   1
58 111 010 0   0
59 111 011 1   1

60 111 100 0   1
61 111 101 1   1
62 111 110 0   1
63 111 111 1   1

64         
65
66
